26
83
35
39
31
11
30
44
40
60
30
2
29
38
43
69
80
79
14
95
52
84
91
25
10
18
65
92
32
87
45
27
16
92
48
86
37
45
53
8
23
19
11
12
4
81
13
26
35
84
75
87
31
8
74
7
69
65
47
45
27
28
15
91
10
32
6
74
81
89
23
95
80
40
3
33
80
44
28
19
89
91
56
94
95
69
13
9
21
51
14
30
73
29
77
30
74
10
27
31
25
100
3
11
55
53
69
44
46
67
69
25
18
0
59
78
22
98
58
80
49
36
58
53
90
60
70
85
4
69
42
70
51
23
17
96
21
66
20
40
0
99
81
46
5
19
26
34
9
97
29
27
72
17
8
13
11
43
38
28
0
15
32
7
16
67
3
95
66
0
4
74
95
30
99
4
0
9
66
60
85
57
66
75
27
20
23
18
31
100
50
66
31
16
64
57
90
19
6
14
72
31
42
88
86
58
32
31
53
42
100
86
85
41
6
76
58
50
90
73
99
10
16
65
17
31
49
13
49
75
79
41
71
90
90
59
13
51
20
20
42
51
38
30
97
98
74
64
93
82
79
93
16
14
94
52
70
75
11
86
78
4
5
93
40
89
91
19
52
66
29
83
67
78
90
70
92
25
46
46
59
23
18
95
32
40
23
7
65
23
82
1
85
95
33
85
10
69
71
39
4
9
91
50
56
16
78
27
65
69
97
24
96
81
25
51
51
97
59
32
86
50
79
98
87
65
28
49
74
9
74
70
67
86
96
66
65
4
74
57
65
85
65
47
28
15
20
23
97
27
27
8
22
70
97
51
96
77
36
67
95
44
93
64
12
16
9
57
11
77
78
49
82
9
60
12
97
24
17
90
49
32
6
40
100
20
19
95
91
54
59
1
68
41
39
97
72
57
57
39
30
20
20
49
4
20
76
51
44
26
73
14
85
29
8
56
46
73
63
8
41
68
71
59
53
98
100
98
54
94
14
51
69
1
20
63
85
9
26
43
62
62
35
61
39
76
6
50
51
61
17
51
62
20
12
42
74
97
38
92
31
77
88
61
48
97
40
98
50
97
45
73
24
31
43
64
98
77
100
79
9
16
78
64
65
45
19
1
15
46
5
43
80
16
16
65
20
13
59
70
